,0,1,2,3,4,5,6,7,8,9,10,11,12,13
0,-746.6667480000001,-193.84619099999964,121.9228520000006,-71.53857400000015,-159.8718259999996,80.38476599999922,87.69238299999961,76.53857400000015,62.56396500000028,31.153809000000365,-175.38452099999995,147.3076170000004,-254.35888699999987,95.64111300000059
1,-755.6411129999997,-168.33325200000036,115.0,-62.051270000000386,-169.4870609999998,88.9741210000002,77.56396500000028,67.05126999999993,57.05126999999993,30.641113000000587,-141.28198199999997,143.0771479999994,-243.33325200000036,97.69238299999961
2,-710.1281740000004,-120.0,110.38476599999922,-33.33325200000036,-160.0,109.23095699999976,83.46142599999985,72.17968800000017,62.30761700000039,36.666503999999804,-92.43579099999943,142.43603499999972,-194.4870609999998,94.35888699999941
3,-625.6411130000001,-87.69238299999961,116.15380900000036,-3.717772999999397,-135.38452099999995,132.17968800000017,106.41015599999992,91.79492200000004,78.46142599999985,51.025878999999804,-56.53857400000015,149.3588869999994,-136.02563499999997,91.2822270000006
4,-547.179443,-109.48706099999981,131.79492200000004,-5.0,-112.56420900000057,144.23095699999976,131.79492200000004,113.0771479999994,96.0258789999998,66.15380900000036,-54.8718259999996,160.6411130000006,-112.82055700000001,92.94873000000007
5,-508.71801800000003,-189.4870609999998,148.46142599999985,-52.564209000000574,-109.10253899999998,138.3334960000002,141.53857400000015,121.41015599999992,102.82031300000017,71.41015599999992,-88.07690400000001,169.61523400000078,-148.71801800000003,94.35888699999941
6,-492.4357909999994,-281.41015600000037,158.20507799999996,-122.43579099999943,-128.97436500000003,121.79492200000004,131.0258789999998,115.12841800000024,96.41015599999992,64.23095699999976,-135.0,175.2563479999999,-221.28198199999997,90.38476599999922
7,-429.2307130000004,-310.1281740000004,159.48730499999965,-160.1281740000004,-159.23071300000038,111.2822270000006,113.3334960000002,106.6665039999998,87.43603499999972,54.35888699999941,-166.41015600000037,183.46142599999985,-273.97436500000003,85.89746099999957
8,-246.66674799999964,-227.3076170000004,154.87158199999976,-120.25634799999989,-182.820557,117.05126999999993,106.9228520000006,109.10253900000043,89.35888699999941,53.46142599999985,-163.58984399999963,195.51269500000035,-257.179443,87.82031300000017
9,72.56396500000028,-60.76928699999962,145.12841800000024,-2.3076170000003913,-195.38452099999995,133.20507799999996,117.43603499999972,123.0771479999994,103.7177729999994,61.79492200000004,-126.66674799999964,201.15380900000036,-163.84619099999964,92.94873000000007
10,477.94873000000007,91.53857400000015,128.58984400000008,140.51269500000035,-207.6923829999996,141.79492200000004,133.7177729999994,135.76904300000024,118.84619099999964,67.17968800000017,-69.8718259999996,187.3076170000004,-32.82055700000001,93.46142599999985
11,890.8974609999996,131.0258789999998,105.89746099999957,231.6665039999998,-232.56420900000057,129.3588869999994,140.2563479999999,134.48730499999965,120.51269500000035,58.974121000000196,-13.846190999999635,153.3334960000002,80.25634799999989,90.25634799999989
12,1264.6152340000008,37.94873000000007,83.84619099999964,222.17968800000017,-269.7436520000001,101.15380900000036,132.05126999999993,119.74365200000011,106.0258789999998,40.12841800000024,24.102539000000434,115.12841800000024,138.84619099999964,90.25634799999989
13,1610.1284180000002,-105.64111300000013,72.17968800000017,129.10253900000043,-303.20507799999996,78.0771479999994,119.61523400000078,105.12841800000024,87.17968800000017,27.17968800000017,37.69238299999961,93.20507799999996,148.20507799999996,93.7177729999994
14,1971.0258789999998,-175.5129390000002,76.15380900000036,28.205077999999958,-318.076904,79.74365200000011,117.94873000000007,105.38476599999922,79.87158199999976,36.410155999999915,37.69238299999961,96.2822270000006,150.51269500000035,93.84619099999964
15,2372.5639650000003,-98.71801800000003,88.58984400000008,-0.12841800000023795,-318.71801800000003,105.25634799999989,131.2822270000006,122.82031300000017,90.0,67.43603499999972,49.48730499999965,112.94873000000007,197.56396500000028,90.51269500000035
16,2791.794922,93.7177729999994,93.46142599999985,73.46142599999985,-329.35888699999987,134.23095699999976,149.10253900000043,144.61523400000078,108.3334960000002,102.69238299999961,99.74365200000011,120.64111300000059,318.84619099999964,90.64111300000059
17,3167.8203129999993,296.53857400000015,79.10253900000043,212.94873000000007,-371.66674799999964,145.6411130000006,156.79492200000004,155.89746099999957,120.0,120.89746099999957,199.7436520000001,105.25634799999989,509.10253900000043,95.38476599999922
18,3441.2822269999997,411.79492200000004,47.05126999999993,351.15380900000036,-444.7436520000001,133.7177729999994,148.3334960000002,151.79492200000004,116.79492200000004,114.48730499999965,335.2563479999999,72.30761700000039,736.794922,97.56396500000028
19,3587.5639650000003,415.3847659999992,11.538574000000153,437.82031300000017,-522.6923829999996,108.84619099999964,131.41015599999992,139.87158199999976,103.20507799999996,96.0258789999998,472.4360349999997,38.846190999999635,966.0258789999998,94.23095699999976
20,3628.4614260000008,357.82031300000017,-10.769286999999622,466.53857400000015,-571.1538090000004,88.7177729999994,121.0258789999998,133.0771479999994,92.43603499999972,87.69238299999961,580.6411130000006,17.56396500000028,1172.4360349999997,92.69238299999961
21,3613.0771480000003,311.0258789999998,-10.0,463.9741210000002,-568.076904,87.69238299999961,127.94873000000007,139.87158199999976,95.76904300000024,104.61523400000078,652.4360349999997,10.256347999999889,1346.410156,97.56396500000028
22,3585.8974609999996,313.9741210000002,9.487304999999651,462.82031300000017,-515.5129390000002,107.82031300000017,150.2563479999999,157.82031300000017,113.0771479999994,141.6665039999998,704.7436520000001,11.538574000000153,1486.2822270000006,102.82031300000017
23,3566.2822269999997,356.9228520000006,32.05126999999993,479.3588869999994,-437.4357909999994,135.12841800000024,174.48730499999965,176.0258789999998,132.05126999999993,178.84619099999964,760.2563479999999,15.384765999999217,1594.2309569999998,102.30761700000039
24,3554.1025390000004,407.17968800000017,42.43603499999972,512.3076170000004,-363.71801800000003,150.38476599999922,187.82031300000017,184.7436520000001,140.6411130000006,199.7436520000001,829.2309569999998,19.871581999999762,1677.1796880000002,99.87158199999976
25,3545.769043000001,445.2563479999999,36.666503999999804,550.8974609999996,-314.4870609999998,144.61523400000078,186.79492200000004,183.46142599999985,136.2822270000006,204.7436520000001,902.6923829999996,25.384765999999217,1746.6665039999998,101.53857400000015
26,3539.871581999999,479.3588869999994,22.43603499999972,583.4614259999998,-292.6923829999996,124.87158199999976,176.2822270000006,178.3334960000002,126.41015599999992,205.0,962.9487300000001,30.128418000000238,1812.05127,104.10253900000043
27,3533.4614260000008,526.5385740000002,10.512695000000349,602.6923829999996,-285.897461,105.51269500000035,163.0771479999994,173.9741210000002,118.9741210000002,208.58984400000008,1000.0,26.922852000000603,1874.743652,102.69238299999961
28,3522.1796879999993,586.4101559999999,7.307617000000391,610.5126950000003,-270.7692869999996,97.69238299999961,152.3076170000004,170.38476599999922,117.30761700000039,215.0,1022.0512699999999,11.538574000000153,1932.6923829999996,100.76904300000024
29,3506.9228519999997,639.2309569999998,14.487304999999651,617.9487300000001,-222.179443,105.38476599999922,149.3588869999994,168.84619099999964,122.30761700000039,222.82031300000017,1049.8715819999998,-9.102538999999979,1986.6665039999998,105.0
30,3495.769043000001,667.8203130000002,29.48730499999965,633.5898440000001,-128.97436500000003,125.64111300000059,158.3334960000002,174.10253900000043,134.61523400000078,235.12841800000024,1098.7177729999994,-18.333252000000357,2038.8461909999996,112.43603499999972
31,3494.230956999999,675.0,45.38476599999922,652.4360349999997,-7.692382999999609,148.20507799999996,176.79492200000004,188.20507799999996,151.53857400000015,253.58984400000008,1161.410156,-6.666747999999643,2084.8715819999998,113.7177729999994
32,3498.589844,673.9741210000002,52.05126999999993,661.4101559999999,98.84619099999964,158.58984400000008,192.94873000000007,203.7177729999994,165.38476599999922,271.4101559999999,1210.7690430000002,16.922852000000603,2111.025879,108.46142599999985
33,3501.0258790000007,671.1538090000004,43.333496000000196,655.0,149.61523400000078,149.10253900000043,194.23095699999976,207.82031300000017,167.05126999999993,277.17968800000017,1221.0258789999998,32.56396500000028,2106.1538090000004,105.25634799999989
34,3499.4873049999997,663.9741210000002,22.94873000000007,643.5898440000001,139.87158199999976,125.25634799999989,178.20507799999996,194.7436520000001,154.7436520000001,266.0258789999998,1191.5385740000002,28.205077999999958,2074.4873049999997,107.43603499999972
35,3497.8203129999993,655.2563479999999,4.358886999999413,642.0512699999999,111.41015599999992,103.7177729999994,156.0258789999998,173.3334960000002,137.05126999999993,245.51269500000035,1147.8203130000002,8.205077999999958,2034.6152340000008,109.35888699999941
36,3498.8461909999996,659.2309569999998,0.0,654.3588869999994,123.46142599999985,98.7177729999994,144.23095699999976,159.61523400000078,126.6665039999998,229.7436520000001,1121.794922,-11.153809000000365,2006.0258789999998,108.20507799999996
37,3500.8974609999996,689.2309569999998,11.922852000000603,672.4360349999997,207.3076170000004,112.43603499999972,150.51269500000035,162.43603499999972,130.6411130000006,227.6923829999996,1129.2309569999998,-15.897461000000021,1996.794922,109.35888699999941
38,3501.5385739999992,742.0512699999999,30.897460999999566,687.9487300000001,342.6923829999996,134.61523400000078,168.0771479999994,177.3076170000004,144.48730499999965,235.51269500000035,1161.0258789999998,-4.61547900000005,2003.589844,115.0
39,3500.5126950000003,795.8974609999996,44.35888699999941,698.3334960000002,473.84619099999964,150.89746099999957,181.9228520000006,191.53857400000015,157.05126999999993,241.79492200000004,1192.3076170000004,10.897460999999566,2013.3334960000002,117.82031300000017
40,3499.615234000001,822.6923829999996,45.64111300000059,703.8461909999996,550.3847659999992,151.9228520000006,181.41015599999992,194.48730499999965,159.10253900000043,238.3334960000002,1200.256348,14.230956999999762,2006.794922,112.82031300000017
41,3499.4873049999997,807.5639650000003,37.17968800000017,701.4101559999999,558.3334960000002,138.20507799999996,166.41015599999992,183.9741210000002,149.23095699999976,226.2822270000006,1177.4360349999997,-1.5385740000001533,1968.7177729999994,106.9228520000006
42,3499.615234000001,759.1025390000004,25.641113000000587,687.1796880000002,522.5639650000003,117.43603499999972,146.15380900000036,166.6665039999998,133.9741210000002,213.84619099999964,1133.8461909999996,-27.820557000000008,1901.2822270000006,107.94873000000007
43,3499.4873049999997,705.1284180000002,17.30761700000039,662.1796880000002,483.84619099999964,99.87158199999976,131.79492200000004,152.56396500000028,122.69238299999961,208.7177729999994,1088.4614259999998,-46.153809000000365,1829.2309569999998,112.82031300000017
44,3499.230956999999,672.5639650000003,15.641113000000587,633.205078,471.15380900000036,92.94873000000007,130.12841800000024,149.10253900000043,121.41015599999992,213.20507799999996,1057.5639650000003,-42.17944299999999,1781.794922,114.23095699999976
45,3499.3588870000003,670.0,20.51269500000035,608.4614259999998,486.53857400000015,97.69238299999961,138.84619099999964,155.51269500000035,128.84619099999964,223.0771479999994,1045.7690430000002,-19.74365200000011,1767.05127,113.3334960000002
46,3499.4873049999997,688.3334960000002,26.922852000000603,595.3847659999992,508.9741210000002,108.46142599999985,148.0771479999994,162.82031300000017,136.53857400000015,229.87158199999976,1043.8461909999996,1.153809000000365,1765.8974609999996,115.51269500000035
47,3499.230956999999,714.4873049999997,28.205077999999958,598.4614259999998,514.7436520000001,117.69238299999961,148.84619099999964,162.56396500000028,137.05126999999993,228.9741210000002,1040.256348,0.256347999999889,1753.3334960000002,118.9741210000002
48,3498.8461909999996,743.4614259999998,22.82031300000017,618.205078,496.53857400000015,120.89746099999957,141.53857400000015,154.87158199999976,130.89746099999957,223.9741210000002,1032.3076170000004,-22.820557000000008,1724.3588869999994,117.43603499999972
49,3498.7177730000003,773.5898440000001,16.282227000000603,647.3076170000004,470.2563479999999,118.7177729999994,135.89746099999957,148.84619099999964,126.6665039999998,225.76904300000024,1028.205078,-47.051270000000386,1695.3847659999992,112.05126999999993
50,3498.9741209999993,796.9228520000006,16.794922000000042,670.3847659999992,461.6665039999998,115.0,141.53857400000015,153.7177729999994,132.82031300000017,240.12841800000024,1034.6152340000008,-47.948729999999614,1683.0771479999994,110.51269500000035
51,3499.615234000001,798.9741210000002,26.538574000000153,670.6411130000006,484.6152340000008,112.56396500000028,157.17968800000017,168.84619099999964,147.82031300000017,259.7436520000001,1044.2309569999998,-20.641113000000132,1682.5639650000003,114.23095699999976
52,3501.0258790000007,770.8974609999996,40.0,640.6411130000006,527.4360349999997,111.6665039999998,170.51269500000035,182.56396500000028,159.7436520000001,268.20507799999996,1036.9228520000006,14.871581999999762,1670.6411130000006,115.76904300000024
53,3502.6923829999996,723.205078,47.43603499999972,589.6152340000008,559.8715819999998,110.25634799999989,167.82031300000017,181.53857400000015,156.41015599999992,255.0,998.5898440000001,29.74365200000011,1626.2822270000006,113.20507799999996
54,3503.589844,684.3588869999994,42.30761700000039,539.7436520000001,555.6411130000006,105.51269500000035,146.2822270000006,161.53857400000015,135.76904300000024,225.0,937.3076170000004,9.358886999999413,1552.3076170000004,112.94873000000007
55,3503.205078,681.794922,25.641113000000587,512.5639650000003,512.0512699999999,97.56396500000028,116.79492200000004,131.9228520000006,108.20507799999996,194.10253900000043,881.9228520000006,-33.20507799999996,1477.6923829999996,117.43603499999972
56,3503.4614260000008,719.7436520000001,6.794922000000042,515.0,450.0,91.2822270000006,97.69238299999961,110.64111300000059,90.0,176.6665039999998,859.6152340000008,-67.43579099999943,1437.5639650000003,119.74365200000011
57,3505.8974609999996,774.7436520000001,-2.1796869999998307,536.4101559999999,398.20507799999996,93.7177729999994,101.41015599999992,111.0258789999998,91.9228520000006,178.58984400000008,874.7436520000001,-69.35888699999987,1446.2822270000006,115.38476599999922
58,3508.9741209999993,810.6411130000006,4.487304999999651,558.205078,372.94873000000007,105.76904300000024,126.0258789999998,132.05126999999993,112.56396500000028,195.51269500000035,906.1538090000004,-41.92309599999999,1484.8715819999998,111.2822270000006
59,3509.230956999999,804.2309569999998,21.794922000000042,566.4101559999999,371.15380900000036,119.61523400000078,154.87158199999976,158.9741210000002,138.3334960000002,216.2822270000006,924.2309569999998,-11.538574000000153,1513.4614259999998,113.7177729999994
60,3505.8974609999996,759.8715819999998,37.05126999999993,558.5898440000001,376.6665039999998,122.82031300000017,168.58984400000008,172.94873000000007,152.56396500000028,227.6923829999996,911.4101559999999,-4.61547900000005,1500.0,118.20507799999996
61,3499.871581999999,705.5126950000003,39.35888699999941,541.9228520000006,373.20507799999996,109.35888699999941,158.0771479999994,164.7436520000001,146.2822270000006,222.17968800000017,871.4101559999999,-26.153809000000365,1441.2822270000006,117.69238299999961
62,3489.615234000001,673.0771479999994,28.333496000000196,524.4873049999997,356.0258789999998,86.2822270000006,132.05126999999993,140.76904300000024,125.64111300000059,203.84619099999964,823.8461909999996,-57.17944299999999,1362.4360349999997,113.84619099999964
63,3468.8461909999996,677.3076170000004,14.743652000000111,508.84619099999964,333.46142599999985,70.38476599999922,110.38476599999922,119.35888699999941,106.79492200000004,186.0258789999998,790.7690430000002,-72.05127000000039,1296.794922,113.0771479999994
64,3433.4614260000008,705.1284180000002,12.17968800000017,490.89746099999957,316.0258789999998,75.12841800000024,108.58984400000008,116.79492200000004,103.0771479999994,181.0258789999998,783.4614259999998,-60.0,1263.0771479999994,114.48730499999965
65,3388.7177730000003,726.4101559999999,24.871581999999762,468.46142599999985,302.94873000000007,99.10253900000043,125.89746099999957,133.84619099999964,115.12841800000024,190.2563479999999,795.6411130000006,-32.435790999999426,1257.94873,112.56396500000028
66,3346.6665040000007,718.5898440000001,43.7177729999994,446.9228520000006,283.0771479999994,125.25634799999989,146.6665039999998,155.51269500000035,131.79492200000004,204.23095699999976,810.1284180000002,-12.692382999999609,1263.9741210000002,109.23095699999976
67,3314.4873049999997,686.6665039999998,54.35888699999941,435.89746099999957,249.48730499999965,135.38476599999922,154.48730499999965,164.87158199999976,139.87158199999976,211.41015599999992,813.0771479999994,-14.8718259999996,1265.0,111.53857400000015
68,3288.3334959999993,658.3334960000002,50.38476599999922,437.5639650000003,208.9741210000002,122.94873000000007,144.48730499999965,156.41015599999992,134.3588869999994,206.6665039999998,802.3076170000004,-32.948729999999614,1252.1796880000002,118.20507799999996
69,3259.1025390000004,658.4614259999998,37.82031300000017,442.94873000000007,176.0258789999998,96.6665039999998,124.35888699999941,138.0771479999994,119.48730499999965,192.6923829999996,783.9741210000002,-49.10253899999998,1224.1025390000004,120.51269500000035
70,3222.4360349999997,687.0512699999999,28.205077999999958,441.0258789999998,158.9741210000002,72.56396500000028,107.05126999999993,121.9228520000006,103.9741210000002,176.6665039999998,763.0771479999994,-51.66674799999964,1185.1284180000002,116.2822270000006
71,3180.8974609999996,721.2822270000006,29.102539000000434,430.12841800000024,155.76904300000024,63.333496000000196,102.17968800000017,116.0258789999998,95.64111300000059,166.15380900000036,741.2822270000006,-42.30761700000039,1145.256348,112.94873000000007
72,3140.0,736.4101559999999,38.7177729999994,419.48730499999965,158.46142599999985,72.17968800000017,110.38476599999922,120.38476599999922,97.43603499999972,164.23095699999976,720.0,-30.769286999999622,1116.2822270000006,113.9741210000002
73,3103.205078,725.5126950000003,48.846190999999635,419.7436520000001,159.61523400000078,91.41015599999992,124.35888699999941,129.23095699999976,105.25634799999989,166.53857400000015,701.794922,-22.948729999999614,1102.5639650000003,114.10253900000043
74,3070.256348000001,700.5126950000003,51.410155999999915,431.15380900000036,154.7436520000001,109.10253900000043,133.84619099999964,135.38476599999922,111.9228520000006,165.38476599999922,687.5639650000003,-19.10253899999998,1096.2822270000006,110.51269500000035
75,3036.2822269999997,680.3847659999992,45.25634799999989,441.0258789999998,143.7177729999994,116.6665039999998,133.46142599999985,135.51269500000035,112.82031300000017,157.3076170000004,675.8974609999996,-16.666747999999643,1084.8715819999998,108.7177729999994
76,2995.6411129999997,677.4360349999997,37.43603499999972,433.46142599999985,131.2822270000006,114.23095699999976,127.56396500000028,133.46142599999985,110.89746099999957,148.9741210000002,665.0,-14.358886999999868,1062.3076170000004,112.43603499999972
77,2945.128418000001,688.8461909999996,37.94873000000007,403.9741210000002,125.51269500000035,108.58984400000008,125.76904300000024,136.9228520000006,113.58984400000008,152.05126999999993,655.8974609999996,-12.564209000000574,1034.3588869999994,115.76904300000024
78,2885.6411129999997,698.8461909999996,51.2822270000006,365.6411130000006,130.38476599999922,106.2822270000006,134.10253900000043,149.10253900000043,124.87158199999976,172.05126999999993,650.2563479999999,-11.794922000000042,1009.2309569999998,112.94873000000007
79,2817.6923829999996,689.7436520000001,71.41015599999992,338.9741210000002,138.46142599999985,108.46142599999985,148.0771479999994,163.58984400000008,139.61523400000078,198.9741210000002,645.7690430000002,-11.153809000000365,988.7177729999994,108.9741210000002
80,2740.0,657.6923829999996,85.64111300000059,335.3847659999992,133.20507799999996,111.41015599999992,155.12841800000024,168.3334960000002,146.0258789999998,213.58984400000008,635.8974609999996,-9.61547900000005,966.0258789999998,110.51269500000035
81,2654.871581999999,618.205078,83.9741210000002,349.7436520000001,101.6665039999998,111.2822270000006,146.2822270000006,156.6665039999998,136.15380900000036,201.41015599999992,615.6411130000006,-7.435790999999426,934.4873049999997,114.87158199999976
82,2573.974121,594.4873049999997,66.53857400000015,365.6411130000006,47.56396500000028,107.17968800000017,123.9741210000002,132.94873000000007,113.3334960000002,166.9228520000006,587.5639650000003,-7.948729999999614,897.3076170000004,114.87158199999976
83,2515.7690430000002,599.6152340000008,43.333496000000196,367.6923829999996,-8.846190999999635,100.76904300000024,100.76904300000024,110.12841800000024,90.25634799999989,130.51269500000035,560.3847659999992,-15.512939000000188,866.4101559999999,112.05126999999993
84,2491.538574,627.8203130000002,25.384765999999217,352.5639650000003,-46.79492200000004,94.61523400000078,88.20507799999996,98.7177729999994,78.7177729999994,111.79492200000004,541.5385740000002,-31.153809000000365,852.1796880000002,112.82031300000017
85,2493.8461909999996,661.9228520000006,18.846190999999635,330.76904300000024,-59.10253899999998,90.89746099999957,89.61523400000078,101.15380900000036,81.9228520000006,114.74365200000011,531.6665039999998,-48.46142599999985,854.8715819999998,115.89746099999957
86,2499.8715819999998,686.1538090000004,24.102539000000434,318.5898440000001,-52.051270000000386,91.9228520000006,100.51269500000035,113.20507799999996,94.61523400000078,129.3588869999994,526.6665039999998,-56.153809000000365,863.9741210000002,114.74365200000011
87,2484.8715819999998,692.5639650000003,39.35888699999941,325.0,-36.66674799999964,99.74365200000011,115.76904300000024,129.48730499999965,110.12841800000024,145.12841800000024,522.6923829999996,-45.38452099999995,865.6411130000006,109.74365200000011
88,2436.1538090000004,680.0,60.38476599999922,343.0771479999994,-21.28198199999997,112.94873000000007,131.53857400000015,146.2822270000006,124.10253900000043,158.9741210000002,518.7177729999994,-18.71801800000003,853.205078,108.58984400000008
89,2359.8715819999998,654.2309569999998,79.10253900000043,356.0258789999998,-12.435790999999426,125.89746099999957,145.12841800000024,160.2563479999999,134.3588869999994,172.05126999999993,513.9741210000002,9.615234000000783,830.3847659999992,112.82031300000017
90,2275.8974609999996,625.8974609999996,86.79492200000004,349.48730499999965,-15.641113000000132,131.41015599999992,152.43603499999972,167.3076170000004,139.61523400000078,181.41015599999992,506.79492200000004,23.077147999999397,806.2822270000006,114.74365200000011
91,2204.615234000001,606.4101559999999,79.61523400000078,322.4360349999997,-33.974365000000034,125.0,150.12841800000024,164.10253900000043,137.94873000000007,179.48730499999965,494.87158199999976,15.256347999999889,786.5385740000002,111.53857400000015
92,2154.3588869999994,602.0512699999999,62.30761700000039,288.46142599999985,-66.41015600000037,108.58984400000008,137.6923829999996,150.51269500000035,128.58984400000008,162.43603499999972,477.4360349999997,-6.666747999999643,769.1025390000004,110.25634799999989
93,2119.1025390000004,611.5385740000002,45.51269500000035,266.15380900000036,-105.1281740000004,91.0258789999998,120.12841800000024,131.9228520000006,114.48730499999965,136.0258789999998,456.6665039999998,-28.846190999999635,748.8461909999996,114.61523400000078
94,2086.794922,628.4614259999998,38.0771479999994,265.6411130000006,-135.64111300000013,83.20507799999996,105.64111300000059,116.6665039999998,101.41015599999992,113.20507799999996,436.0258789999998,-40.89746100000002,725.1284180000002,118.20507799999996
95,2048.205078,646.1538090000004,41.666503999999804,281.2822270000006,-144.61547900000005,90.64111300000059,101.15380900000036,111.53857400000015,94.74365200000011,105.25634799999989,417.4360349999997,-42.051270000000386,701.794922,114.74365200000011
96,2001.0258789999998,659.2309569999998,50.897460999999566,297.5639650000003,-130.1281740000004,108.46142599999985,106.9228520000006,115.76904300000024,96.0258789999998,113.0771479999994,399.87158199999976,-37.17944299999999,681.6665039999998,109.10253900000043
97,1948.589844,665.0,57.69238299999961,303.7177729999994,-105.0,124.61523400000078,116.9228520000006,122.43603499999972,101.0258789999998,127.05126999999993,381.4101559999999,-32.17944299999999,661.794922,108.46142599999985
98,1896.1538090000004,663.8461909999996,58.46142599999985,300.2563479999999,-87.05127000000039,130.38476599999922,123.3334960000002,124.87158199999976,104.35888699999941,134.7436520000001,362.17968800000017,-29.61547900000005,637.6923829999996,110.89746099999957
99,1846.0258789999998,659.3588869999994,56.9228520000006,294.48730499999965,-86.02563499999997,126.6665039999998,123.84619099999964,122.69238299999961,104.35888699999941,131.79492200000004,344.7436520000001,-27.564209000000574,609.3588869999994,110.64111300000059
100,1794.4873049999997,656.1538090000004,60.0,290.51269500000035,-97.56420900000057,120.38476599999922,122.56396500000028,120.38476599999922,103.7177729999994,123.58984400000008,331.15380900000036,-22.820557000000008,582.9487300000001,109.48730499999965
101,1732.94873,654.3588869999994,69.48730499999965,285.51269500000035,-111.66674799999964,116.79492200000004,123.3334960000002,121.53857400000015,104.74365200000011,118.0771479999994,319.48730499999965,-14.8718259999996,563.0771479999994,112.43603499999972
102,1653.9741210000002,650.0,79.23095699999976,274.87158199999976,-121.92309599999999,115.12841800000024,125.12841800000024,123.58984400000008,105.51269500000035,116.2822270000006,305.6411130000006,-7.179442999999992,546.5385740000002,116.41015599999992
103,1559.3588869999994,638.8461909999996,81.41015599999992,257.82031300000017,-129.23071300000038,111.2822270000006,123.3334960000002,121.0258789999998,101.53857400000015,112.69238299999961,284.87158199999976,-5.38452099999995,521.9228520000006,114.23095699999976
104,1459.3588869999994,622.3076170000004,73.84619099999964,238.84619099999964,-136.53857400000015,103.7177729999994,116.41015599999992,111.41015599999992,91.6665039999998,103.0771479999994,256.4101559999999,-11.538574000000153,478.5898440000001,107.56396500000028
105,1364.8715819999998,606.794922,62.30761700000039,223.3334960000002,-142.0512700000004,96.53857400000015,108.7177729999994,99.87158199999976,80.64111300000059,91.0258789999998,223.84619099999964,-21.666747999999643,416.0258789999998,105.51269500000035
106,1278.3334960000002,598.8461909999996,55.76904300000024,213.7177729999994,-138.33325200000036,96.6665039999998,107.17968800000017,95.0,76.41015599999992,84.61523400000078,194.48730499999965,-28.076904000000013,346.53857400000015,110.12841800000024
107,1191.9228520000006,598.8461909999996,59.87158199999976,208.9741210000002,-120.38452099999995,106.6665039999998,113.9741210000002,101.41015599999992,82.17968800000017,88.46142599999985,174.7436520000001,-24.10253899999998,285.6411130000006,113.7177729999994
108,1094.743652,601.4101559999999,72.56396500000028,205.0,-92.82055700000001,121.9228520000006,123.9741210000002,114.61523400000078,93.7177729999994,99.23095699999976,163.84619099999964,-9.743652000000111,238.7177729999994,112.30761700000039
109,980.0,600.1284180000002,86.6665039999998,198.58984400000008,-68.97436500000003,132.94873000000007,129.48730499999965,124.35888699999941,102.82031300000017,109.23095699999976,152.6923829999996,8.205077999999958,198.3334960000002,111.41015599999992
110,849.6152340000008,592.8203130000002,96.0258789999998,189.87158199999976,-58.974365000000034,133.84619099999964,127.82031300000017,124.48730499999965,104.48730499999965,113.58984400000008,130.6411130000006,21.410155999999915,153.84619099999964,114.35888699999941
111,711.0258789999998,583.205078,100.25634799999989,180.89746099999957,-60.0,126.79492200000004,122.69238299999961,117.43603499999972,101.0258789999998,113.58984400000008,94.35888699999941,26.538574000000153,103.0771479999994,116.15380900000036
112,572.4360349999997,576.5385740000002,102.82031300000017,171.9228520000006,-59.8718259999996,118.9741210000002,119.87158199999976,111.0258789999998,98.20507799999996,113.7177729999994,51.025878999999804,26.922852000000603,53.0771479999994,112.94873000000007
113,437.6923829999996,573.9741210000002,106.53857400000015,159.23095699999976,-48.46142599999985,115.76904300000024,122.43603499999972,110.51269500000035,100.38476599999922,116.15380900000036,11.282227000000603,28.077147999999397,11.666503999999804,110.12841800000024
114,308.0771479999994,572.5639650000003,110.38476599999922,138.0771479999994,-26.28198199999997,117.56396500000028,127.69238299999961,115.25634799999989,106.41015599999992,119.10253900000043,-16.666747999999643,33.20507799999996,-20.769286999999622,112.30761700000039
115,183.0771479999994,566.1538090000004,112.30761700000039,108.58984400000008,-2.5639650000002803,120.64111300000059,130.12841800000024,120.25634799999989,111.41015599999992,118.0771479999994,-31.666747999999643,41.410155999999915,-51.153809000000365,115.12841800000024
116,61.79492200000004,549.6152340000008,111.53857400000015,75.76904300000024,12.17968800000017,121.6665039999998,126.53857400000015,120.76904300000024,110.76904300000024,111.79492200000004,-38.58984399999963,48.46142599999985,-88.07690400000001,112.56396500000028
117,-57.69238299999961,521.9228520000006,109.61523400000078,46.2822270000006,13.846190999999635,120.0,118.58984400000008,116.41015599999992,104.61523400000078,102.69238299999961,-45.38452099999995,50.76904300000024,-135.2563479999999,109.10253900000043
118,-176.41015600000037,488.9741210000002,108.9741210000002,23.717772999999397,8.589844000000085,118.0771479999994,111.6665039999998,110.89746099999957,97.94873000000007,96.15380900000036,-58.07690400000001,48.974121000000196,-188.58984399999963,111.41015599999992
119,-292.3076170000004,461.15380900000036,111.79492200000004,8.589844000000085,10.897460999999566,119.61523400000078,111.15380900000036,110.0,96.6665039999998,95.64111300000059,-76.02563499999997,48.589844000000085,-238.076904,116.6665039999998
120,-399.61547900000005,445.0,118.9741210000002,-1.153809000000365,34.35888699999941,125.76904300000024,118.3334960000002,116.2822270000006,103.58984400000008,101.15380900000036,-92.05127000000039,56.025878999999804,-276.41015600000037,116.53857400000015
121,-493.97436500000003,437.3076170000004,128.58984400000008,-9.61547900000005,80.51269500000035,132.82031300000017,128.46142599999985,126.2822270000006,114.61523400000078,108.20507799999996,-100.0,71.79492200000004,-305.7692869999996,112.05126999999993
122,-576.923096,428.0771479999994,135.76904300000024,-21.923095999999987,137.3076170000004,134.10253900000043,133.0771479999994,132.05126999999993,121.41015599999992,110.25634799999989,-101.41015600000037,88.0771479999994,-336.02563499999997,111.53857400000015
123,-655.2563479999999,410.89746099999957,136.41015599999992,-40.25634799999989,187.17968800000017,126.9228520000006,127.05126999999993,127.69238299999961,116.9228520000006,102.43603499999972,-104.74365200000011,95.0,-374.2307130000004,115.76904300000024
124,-734.615479,390.3847659999992,131.2822270000006,-61.025634999999966,219.48730499999965,115.51269500000035,112.94873000000007,115.25634799999989,102.56396500000028,86.2822270000006,-117.05127000000039,89.61523400000078,-416.53857400000015,116.9228520000006
125,-815.6411129999997,374.87158199999976,125.64111300000059,-77.43579099999943,234.23095699999976,106.6665039999998,99.87158199999976,103.3334960000002,86.79492200000004,69.87158199999976,-136.79492200000004,77.94873000000007,-451.79492200000004,112.30761700000039
126,-894.2307129999999,367.82031300000017,125.25634799999989,-84.61547900000005,239.3588869999994,104.48730499999965,95.51269500000035,99.87158199999976,80.0,63.20507799999996,-155.2563479999999,70.38476599999922,-473.46142599999985,108.84619099999964
127,-964.3588870000003,363.46142599999985,131.41015599999992,-83.33325200000036,245.89746099999957,108.7177729999994,100.64111300000059,105.38476599999922,85.89746099999957,70.64111300000059,-165.89746100000002,72.82031300000017,-483.84619099999964,110.25634799999989
128,-1021.6667480000001,354.48730499999965,141.2822270000006,-79.10253899999998,263.0771479999994,116.79492200000004,110.12841800000024,115.12841800000024,99.48730499999965,87.43603499999972,-169.7436520000001,84.35888699999941,-490.2563479999999,110.89746099999957
129,-1065.769287,338.5898440000001,150.2563479999999,-78.58984399999963,292.5639650000003,125.25634799999989,117.69238299999961,122.30761700000039,112.30761700000039,103.3334960000002,-173.46142599999985,98.46142599999985,-500.0,107.30761700000039
130,-1102.179443,318.3334960000002,155.51269500000035,-85.51293900000019,326.4101559999999,128.9741210000002,120.38476599999922,123.7177729999994,117.43603499999972,110.12841800000024,-181.923096,108.84619099999964,-517.179443,104.87158199999976
131,-1139.230713,297.82031300000017,157.94873000000007,-97.17944299999999,352.5639650000003,124.74365200000011,118.46142599999985,120.12841800000024,114.10253900000043,107.05126999999993,-192.9487299999996,113.58984400000008,-542.4357909999994,107.69238299999961
132,-1183.076904,279.48730499999965,159.3588869999994,-106.41015600000037,362.94873000000007,113.84619099999964,115.12841800000024,115.25634799999989,106.53857400000015,99.61523400000078,-200.64111300000013,114.35888699999941,-573.076904,110.38476599999922
133,-1233.974365,263.0771479999994,160.6411130000006,-107.69238299999961,357.3076170000004,102.94873000000007,113.3334960000002,112.05126999999993,100.89746099999957,94.74365200000011,-202.0512700000004,114.35888699999941,-603.076904,107.56396500000028
134,-1286.666748,246.79492200000004,160.12841800000024,-102.05127000000039,342.3076170000004,98.0771479999994,112.94873000000007,110.89746099999957,100.38476599999922,94.61523400000078,-200.2563479999999,114.23095699999976,-627.179443,103.9741210000002
135,-1333.333252,229.7436520000001,155.51269500000035,-97.30761700000039,326.6665039999998,100.25634799999989,110.64111300000059,109.61523400000078,103.0771479999994,94.48730499999965,-200.2563479999999,112.82031300000017,-643.076904,106.15380900000036
136,-1367.94873,213.0771479999994,147.17968800000017,-100.38452099999995,316.15380900000036,106.0258789999998,103.9741210000002,106.53857400000015,104.35888699999941,88.58984400000008,-203.97436500000003,109.87158199999976,-651.6667479999996,110.89746099999957
137,-1388.205078,200.38476599999922,140.0,-111.53857400000015,312.17968800000017,111.2822270000006,95.89746099999957,103.3334960000002,102.05126999999993,76.79492200000004,-208.46142599999985,108.58984400000008,-654.7436520000001,110.25634799999989
138,-1398.333252,193.84619099999964,140.12841800000024,-124.48706099999981,311.15380900000036,113.0771479999994,93.20507799999996,103.46142599999985,98.7177729999994,66.41015599999992,-208.97436500000003,112.43603499999972,-654.7436520000001,105.76904300000024
139,-1407.4357909999999,191.9228520000006,148.20507799999996,-131.53857400000015,308.20507799999996,111.53857400000015,99.74365200000011,108.0771479999994,98.20507799999996,64.87158199999976,-203.46142599999985,121.15380900000036,-654.7436520000001,104.61523400000078
140,-1424.102539,191.2822270000006,158.46142599999985,-128.84619099999964,299.7436520000001,109.10253900000043,110.76904300000024,113.9741210000002,100.64111300000059,71.9228520000006,-196.15380900000036,129.3588869999994,-658.3332520000004,107.30761700000039
141,-1450.5129390000002,190.2563479999999,163.58984400000008,-117.43579099999943,283.7177729999994,108.84619099999964,117.05126999999993,116.0258789999998,102.94873000000007,80.64111300000059,-194.10253899999998,131.53857400000015,-668.076904,107.43603499999972
142,-1481.410156,188.46142599999985,161.0258789999998,-102.56420900000057,260.12841800000024,111.15380900000036,113.58984400000008,112.30761700000039,102.17968800000017,84.61523400000078,-201.923096,127.69238299999961,-683.076904,104.48730499999965
143,-1509.743652,183.58984400000008,155.38476599999922,-91.53857400000015,231.9228520000006,112.82031300000017,103.20507799999996,105.25634799999989,98.46142599999985,82.82031300000017,-217.9487299999996,123.3334960000002,-700.384521,104.61523400000078
144,-1531.666748,172.05126999999993,152.82031300000017,-89.61547900000005,205.38476599999922,108.7177729999994,93.84619099999964,99.10253900000043,93.7177729999994,76.9228520000006,-235.76928699999962,123.3334960000002,-717.9487299999996,108.46142599999985
145,-1548.076904,151.6665039999998,154.7436520000001,-97.82055700000001,187.43603499999972,97.43603499999972,89.87158199999976,95.89746099999957,88.7177729999994,67.30761700000039,-249.4870609999998,126.9228520000006,-735.2563479999999,109.10253900000043
146,-1562.4357909999999,126.41015599999992,156.79492200000004,-111.79492200000004,181.53857400000015,82.56396500000028,89.87158199999976,93.46142599999985,83.20507799999996,53.7177729999994,-258.20507799999996,128.58984400000008,-751.6667480000001,104.48730499999965
147,-1576.410156,104.61523400000078,152.94873000000007,-125.25634799999989,186.6665039999998,71.0258789999998,88.7177729999994,88.58984400000008,76.6665039999998,37.94873000000007,-263.97436500000003,124.10253900000043,-763.718018,101.9228520000006
148,-1587.5642090000001,94.48730499999965,142.82031300000017,-133.33325200000036,198.9741210000002,68.58984400000008,83.58984400000008,81.0258789999998,70.38476599999922,24.871581999999762,-267.5642090000006,115.12841800000024,-765.384521,105.51269500000035
149,-1592.5642090000001,98.46142599999985,132.82031300000017,-134.8718259999996,213.20507799999996,75.51269500000035,76.41015599999992,74.10253900000043,66.79492200000004,19.230956999999762,-266.15380900000036,108.9741210000002,-753.718018,108.84619099999964
150,-1592.179443,110.51269500000035,130.76904300000024,-131.15380900000036,223.3334960000002,86.41015599999992,71.53857400000015,71.6665039999998,67.94873000000007,21.666503999999804,-257.3076170000004,112.05126999999993,-733.718018,106.6665039999998
151,-1593.4614260000003,119.61523400000078,138.58984400000008,-125.51293900000019,224.48730499999965,94.23095699999976,72.17968800000017,73.84619099999964,72.82031300000017,27.69238299999961,-244.23071300000038,124.48730499999965,-716.794922,103.7177729999994
152,-1604.4870609999998,117.43603499999972,149.48730499999965,-122.17944299999999,217.6923829999996,94.74365200000011,77.05126999999993,77.82031300000017,78.0771479999994,30.384765999999217,-234.8718259999996,139.23095699999976,-712.9487299999996,106.15380900000036
153,-1628.589844,102.94873000000007,153.20507799999996,-125.38452099999995,210.12841800000024,89.23095699999976,82.05126999999993,79.48730499999965,79.35888699999941,24.871581999999762,-235.76928699999962,147.6923829999996,-723.718018,110.51269500000035
154,-1661.666748,80.38476599999922,145.76904300000024,-135.0,210.6411130000006,81.2822270000006,82.69238299999961,77.17968800000017,74.61523400000078,12.43603499999972,-246.79492200000004,145.6411130000006,-742.6923829999996,110.0
155,-1693.974365,57.17968800000017,133.20507799999996,-145.1281740000004,223.9741210000002,74.87158199999976,79.35888699999941,72.43603499999972,66.79492200000004,1.4101559999999154,-260.0,136.9228520000006,-759.102539,106.9228520000006
156,-1713.974365,41.53857400000015,127.17968800000017,-146.79492200000004,247.94873000000007,73.46142599999985,77.30761700000039,69.74365200000011,62.05126999999993,1.6665039999998044,-266.28198199999997,130.6411130000006,-763.974365,107.43603499999972
157,-1715.769287,38.589844000000085,136.15380900000036,-135.89746100000002,275.12841800000024,79.74365200000011,82.05126999999993,73.20507799999996,65.38476599999922,16.410155999999915,-261.02563499999997,135.76904300000024,-755.2563479999999,109.61523400000078
158,-1704.615479,45.38476599999922,157.43603499999972,-118.20507799999996,296.0258789999998,91.6665039999998,93.46142599999985,83.46142599999985,76.0258789999998,37.94873000000007,-248.58984399999963,153.0771479999994,-740.384521,106.9228520000006
159,-1694.3588870000003,50.12841800000024,178.20507799999996,-105.76928699999962,304.7436520000001,102.43603499999972,104.23095699999976,94.87158199999976,87.69238299999961,53.20507799999996,-240.38452099999995,173.20507799999996,-731.6667479999996,101.41015599999992
160,-1697.179443,41.53857400000015,185.6411130000006,-107.69238299999961,303.3334960000002,104.61523400000078,107.17968800000017,100.76904300000024,93.3334960000002,54.102539000000434,-245.89746100000002,183.3334960000002,-736.025635,101.2822270000006
161,-1712.5642090000001,17.94873000000007,176.2822270000006,-122.69238299999961,301.53857400000015,97.30761700000039,101.2822270000006,98.9741210000002,90.64111300000059,42.94873000000007,-263.20507799999996,177.6923829999996,-747.9487300000001,106.79492200000004
162,-1729.230713,-9.8718259999996,158.9741210000002,-141.02563499999997,307.5639650000003,87.30761700000039,93.0771479999994,93.3334960000002,83.9741210000002,29.48730499999965,-279.4870609999998,162.05126999999993,-754.871826,109.35888699999941
163,-1734.230713,-27.948729999999614,146.6665039999998,-150.89746100000002,319.6152340000008,84.10253900000043,90.12841800000024,89.87158199999976,79.74365200000011,23.461425999999847,-281.79492200000004,148.7177729999994,-748.076904,105.76904300000024
164,-1723.589844,-28.71801800000003,146.2822270000006,-145.0,324.3588869999994,91.2822270000006,94.87158199999976,91.0258789999998,81.79492200000004,27.43603499999972,-267.6923829999996,146.53857400000015,-729.8718259999996,102.94873000000007
165,-1704.3588870000003,-16.28198199999997,154.48730499999965,-125.51293900000019,308.5898440000001,104.48730499999965,102.82031300000017,94.48730499999965,88.46142599999985,35.64111300000059,-247.56420900000057,155.76904300000024,-710.7692869999996,105.25634799999989
166,-1689.743652,-3.717772999999397,162.6923829999996,-102.94872999999961,272.4360349999997,113.58984400000008,106.9228520000006,96.0258789999998,93.58984400000008,37.94873000000007,-236.15380900000036,168.7177729999994,-701.1538090000004,107.30761700000039
167,-1691.281982,-4.61547900000005,163.84619099999964,-91.02563499999997,231.6665039999998,111.2822270000006,103.9741210000002,92.17968800000017,91.9228520000006,28.717772999999397,-242.179443,176.15380900000036,-704.4870609999998,105.12841800000024
168,-1709.3588870000003,-23.076904000000013,157.56396500000028,-96.92309599999999,207.6923829999996,98.0771479999994,95.89746099999957,83.20507799999996,83.0771479999994,12.307617000000391,-261.923096,172.94873000000007,-716.281982,103.46142599999985
169,-1732.820557,-50.1281740000004,148.20507799999996,-114.74365200000011,212.6923829999996,82.94873000000007,88.0771479999994,72.69238299999961,72.30761700000039,-0.6411130000005869,-281.79492200000004,162.6923829999996,-727.5642090000006,106.53857400000015
170,-1747.5642090000001,-70.1281740000004,141.15380900000036,-130.89746100000002,241.9228520000006,75.76904300000024,84.87158199999976,65.89746099999957,65.64111300000059,-2.1796869999998307,-289.102539,154.23095699999976,-730.7692869999996,109.74365200000011
171,-1747.4357909999999,-74.10253899999998,139.3588869999994,-135.64111300000013,278.20507799999996,79.23095699999976,86.41015599999992,65.38476599999922,65.76904300000024,7.307617000000391,-281.79492200000004,154.10253900000043,-724.8718259999996,107.30761700000039
172,-1738.076904,-65.89746100000002,141.53857400000015,-130.5129390000002,304.87158199999976,87.30761700000039,89.61523400000078,69.61523400000078,70.25634799999989,20.128418000000238,-269.2307130000004,161.41015599999992,-715.7692869999996,103.9741210000002
173,-1729.871826,-57.17944299999999,144.7436520000001,-123.97436500000003,316.2822270000006,92.05126999999993,91.53857400000015,74.10253900000043,74.87158199999976,27.82031300000017,-263.33325200000036,169.3588869999994,-710.384521,106.2822270000006
174,-1728.205078,-56.025634999999966,147.3076170000004,-121.15380900000036,320.3847659999992,92.17968800000017,92.17968800000017,76.2822270000006,76.9228520000006,27.30761700000039,-268.33325200000036,171.53857400000015,-710.0,110.76904300000024
175,-1730.897461,-60.76928699999962,150.51269500000035,-120.1281740000004,328.3334960000002,92.94873000000007,93.7177729999994,76.9228520000006,77.30761700000039,22.05126999999993,-277.3076170000004,167.56396500000028,-709.2307130000004,109.48730499999965
176,-1732.4357909999999,-65.25634799999989,155.2563479999999,-116.28198199999997,343.20507799999996,98.9741210000002,97.43603499999972,77.94873000000007,78.7177729999994,18.717772999999397,-279.4870609999998,162.43603499999972,-702.4357909999994,103.9741210000002
177,-1730.384521,-65.51293900000019,159.48730499999965,-108.97436500000003,355.89746099999957,106.9228520000006,101.53857400000015,79.61523400000078,81.79492200000004,20.897460999999566,-269.8718259999996,161.15380900000036,-689.8718259999996,102.30761700000039
178,-1726.666748,-64.10253899999998,158.9741210000002,-101.66674799999964,354.3588869999994,108.20507799999996,101.6665039999998,80.12841800000024,84.48730499999965,26.538574000000153,-254.7436520000001,163.3334960000002,-677.5642090000006,105.38476599999922
179,-1724.743652,-67.17944299999999,151.6665039999998,-99.23071300000038,336.2822270000006,97.56396500000028,95.89746099999957,77.30761700000039,82.94873000000007,29.358886999999413,-246.66674799999964,163.58984400000008,-671.5385740000002,105.89746099999957
180,-1726.5385739999997,-80.1281740000004,140.38476599999922,-103.58984399999963,312.6923829999996,79.74365200000011,86.53857400000015,71.15380900000036,75.89746099999957,25.897460999999566,-254.35888699999987,158.0771479999994,-672.4357909999994,101.9228520000006
181,-1731.410156,-101.92309599999999,132.17968800000017,-111.92309599999999,300.12841800000024,67.05126999999993,79.48730499999965,64.10253900000043,67.30761700000039,17.94873000000007,-274.2307130000004,149.23095699999976,-676.4101560000004,99.74365200000011
182,-1736.153809,-124.8718259999996,132.05126999999993,-118.33325200000036,307.4360349999997,69.35888699999941,79.10253900000043,60.76904300000024,63.20507799999996,10.512695000000349,-292.179443,145.38476599999922,-678.8461909999996,101.6665039999998
183,-1737.94873,-139.23071300000038,139.87158199999976,-118.20507799999996,327.05126999999993,85.25634799999989,84.61523400000078,63.7177729999994,66.6665039999998,7.179688000000169,-293.58984399999963,152.17968800000017,-677.3076170000004,101.2822270000006
184,-1734.871826,-139.4870609999998,150.51269500000035,-112.82055700000001,342.05126999999993,102.69238299999961,90.76904300000024,71.15380900000036,74.61523400000078,8.589844000000085,-273.97436500000003,167.3076170000004,-673.205078,96.53857400000015
185,-1727.05127,-128.20507799999996,158.3334960000002,-108.20507799999996,339.3588869999994,108.84619099999964,92.82031300000017,78.58984400000008,81.53857400000015,13.333496000000196,-243.71801800000003,181.6665039999998,-668.718018,94.35888699999941
186,-1716.410156,-113.97436500000003,159.61523400000078,-108.71801800000003,321.0258789999998,100.64111300000059,90.12841800000024,81.6665039999998,83.3334960000002,20.0,-221.66674799999964,186.41015599999992,-663.8461909999996,99.35888699999941
187,-1704.871826,-105.38452099999995,154.87158199999976,-112.05127000000039,300.51269500000035,86.79492200000004,86.0258789999998,79.48730499999965,80.51269500000035,26.410155999999915,-221.53857400000015,179.7436520000001,-655.897461,104.61523400000078
188,-1694.230713,-106.28198199999997,147.82031300000017,-111.79492200000004,291.53857400000015,78.9741210000002,84.87158199999976,74.48730499999965,76.79492200000004,31.538574000000153,-240.38452099999995,166.9228520000006,-643.076904,103.3334960000002
189,-1686.153809,-113.71801800000003,143.3334960000002,-103.97436500000003,297.05126999999993,82.69238299999961,88.7177729999994,69.61523400000078,74.87158199999976,34.23095699999976,-262.3076170000004,156.79492200000004,-627.6923829999996,99.74365200000011
190,-1681.281982,-121.02563499999997,143.84619099999964,-92.05127000000039,308.84619099999964,94.35888699999941,95.64111300000059,66.9228520000006,75.12841800000024,34.102539000000434,-271.53857400000015,155.51269500000035,-615.384521,100.76904300000024
191,-1679.102539,-122.94872999999961,147.82031300000017,-84.61547900000005,315.6411130000006,105.89746099999957,102.17968800000017,66.41015599999992,75.64111300000059,30.769043000000238,-264.35888699999987,162.82031300000017,-610.897461,103.9741210000002
192,-1677.820557,-120.38452099999995,151.6665039999998,-88.46142599999985,312.17968800000017,111.2822270000006,105.0,67.05126999999993,74.87158199999976,24.74365200000011,-249.23071300000038,172.3076170000004,-615.0,103.20507799999996
193,-1676.794922,-118.71801800000003,151.53857400000015,-103.46142599999985,301.6665039999998,108.7177729999994,103.0771479999994,66.6665039999998,72.56396500000028,18.077147999999397,-238.71801800000003,176.9228520000006,-624.102539,100.38476599999922
194,-1677.179443,-122.82055700000001,147.05126999999993,-122.82055700000001,291.4101559999999,100.76904300000024,97.05126999999993,64.23095699999976,69.61523400000078,13.589844000000085,-239.7436520000001,173.7177729999994,-632.4357909999994,102.17968800000017
195,-1679.230713,-132.56420900000057,140.76904300000024,-136.66674799999964,285.2563479999999,91.9228520000006,89.10253900000043,60.38476599999922,67.43603499999972,12.051269999999931,-248.71801800000003,165.89746099999957,-634.8718259999996,107.05126999999993
196,-1680.769287,-142.9487299999996,136.41015599999992,-137.820557,281.2822270000006,86.9228520000006,82.43603499999972,57.30761700000039,66.9228520000006,11.666503999999804,-256.15380900000036,159.48730499999965,-630.1281740000004,106.9228520000006
197,-1678.333252,-148.20507799999996,135.6411130000006,-126.53857400000015,274.6152340000008,88.46142599999985,79.87158199999976,56.153809000000365,67.82031300000017,10.512695000000349,-255.76928699999962,157.94873000000007,-620.897461,101.53857400000015
198,-1669.615479,-145.89746100000002,137.82031300000017,-110.25634799999989,263.5898440000001,95.0,82.05126999999993,56.53857400000015,69.10253900000043,8.589844000000085,-249.10253899999998,161.2822270000006,-611.5385740000002,99.10253900000043
199,-1656.153809,-139.10253899999998,140.2563479999999,-98.20507799999996,251.79492200000004,102.30761700000039,87.05126999999993,57.43603499999972,70.0,7.43603499999972,-241.66674799999964,166.15380900000036,-603.205078,101.9228520000006
200,-1642.820557,-133.58984399999963,140.6411130000006,-94.74365200000011,243.9741210000002,104.61523400000078,91.15380900000036,57.82031300000017,69.87158199999976,8.461425999999847,-236.15380900000036,168.9741210000002,-595.0,103.46142599999985
201,-1635.128174,-135.0,137.43603499999972,-99.10253899999998,240.6411130000006,98.9741210000002,91.41015599999992,56.410155999999915,68.46142599999985,11.025878999999804,-231.28198199999997,167.43603499999972,-587.179443,100.38476599999922
202,-1636.281982,-143.58984399999963,131.0258789999998,-107.82055700000001,237.6923829999996,87.94873000000007,87.43603499999972,52.30761700000039,65.12841800000024,13.333496000000196,-225.1281740000004,161.15380900000036,-581.923096,98.3334960000002
203,-1642.4357909999999,-153.58984399999963,124.35888699999941,-116.02563499999997,232.82031300000017,79.35888699999941,82.56396500000028,47.43603499999972,61.153809000000365,15.0,-218.97436500000003,152.56396500000028,-580.0,101.15380900000036
204,-1642.94873,-157.179443,123.0771479999994,-117.17944299999999,229.3588869999994,81.9228520000006,82.30761700000039,47.30761700000039,60.25634799999989,17.82031300000017,-215.0,147.56396500000028,-578.205078,103.20507799999996
205,-1628.205078,-150.76928699999962,131.53857400000015,-106.66674799999964,233.84619099999964,98.0771479999994,91.41015599999992,57.17968800000017,66.79492200000004,24.74365200000011,-213.97436500000003,152.82031300000017,-571.4101560000004,100.12841800000024
206,-1600.0,-139.35888699999987,148.20507799999996,-88.46142599999985,248.0771479999994,119.87158199999976,107.82031300000017,75.76904300000024,80.38476599999922,36.79492200000004,-213.97436500000003,168.7177729999994,-559.3588869999999,96.9228520000006
207,-1573.4614260000003,-133.97436500000003,163.46142599999985,-75.51293900000019,263.5898440000001,132.94873000000007,122.05126999999993,93.58984400000008,93.84619099999964,48.20507799999996,-213.58984399999963,186.41015599999992,-548.8461909999996,99.10253900000043
208,-1565.384521,-143.076904,166.6665039999998,-80.38452099999995,267.6923829999996,127.05126999999993,122.05126999999993,98.7177729999994,97.17968800000017,48.974121000000196,-213.33325200000036,193.58984400000008,-548.718018,102.05126999999993
209,-1580.6411129999997,-165.1281740000004,154.48730499999965,-102.94872999999961,253.84619099999964,105.25634799999989,105.38476599999922,87.56396500000028,86.79492200000004,34.35888699999941,-215.5129390000002,183.58984400000008,-561.1538090000004,99.61523400000078
210,-1606.5385739999997,-188.46142599999985,134.23095699999976,-130.38452099999995,228.9741210000002,81.53857400000015,81.79492200000004,67.69238299999961,68.9741210000002,11.922852000000603,-221.66674799999964,161.53857400000015,-578.205078,95.64111300000059
211,-1622.05127,-198.84619099999964,117.94873000000007,-145.76928699999962,208.0771479999994,71.41015599999992,66.9228520000006,52.69238299999961,56.153809000000365,-2.1796869999998307,-228.97436500000003,140.51269500000035,-586.794922,97.94873000000007
212,-1613.205078,-190.38452099999995,113.46142599999985,-141.28198199999997,202.82031300000017,79.35888699999941,69.35888699999941,51.153809000000365,56.2822270000006,1.6665039999998044,-232.3076170000004,131.79492200000004,-578.8461909999996,104.35888699999941
213,-1585.0,-171.15380900000036,118.58984400000008,-122.56420900000057,212.17968800000017,96.41015599999992,83.84619099999964,60.0,66.0258789999998,17.43603499999972,-230.64111300000013,136.2822270000006,-558.4614259999998,106.2822270000006
214,-1557.5642090000001,-158.46142599999985,123.20507799999996,-105.1281740000004,222.3076170000004,106.0258789999998,96.41015599999992,67.43603499999972,73.7177729999994,27.17968800000017,-229.4870609999998,144.23095699999976,-540.1281740000004,102.43603499999972
215,-1549.743652,-164.61547900000005,118.46142599999985,-101.92309599999999,219.23095699999976,98.58984400000008,95.64111300000059,63.0771479999994,70.0,17.43603499999972,-235.1281740000004,144.87158199999976,-537.4357909999994,99.74365200000011
216,-1562.3076170000004,-186.28198199999997,105.25634799999989,-112.69238299999961,201.15380900000036,80.12841800000024,81.53857400000015,47.69238299999961,56.2822270000006,-8.076904000000013,-245.0,136.79492200000004,-550.7692869999996,100.38476599999922
217,-1577.6923829999996,-205.76928699999962,93.7177729999994,-124.61547900000005,181.2822270000006,67.56396500000028,65.76904300000024,32.69238299999961,43.0771479999994,-30.512939000000188,-248.84619099999964,128.9741210000002,-566.4101560000004,99.87158199999976
218,-1576.025635,-206.28198199999997,94.61523400000078,-124.8718259999996,174.48730499999965,73.3334960000002,60.76904300000024,29.74365200000011,40.897460999999566,-31.666747999999643,-239.35888699999987,130.89746099999957,-568.076904,97.30761700000039
219,-1553.205078,-186.79492200000004,109.10253900000043,-112.69238299999961,183.0771479999994,94.61523400000078,70.12841800000024,40.51269500000035,51.2822270000006,-10.1281740000004,-219.7436520000001,141.9228520000006,-551.1538090000004,98.58984400000008
220,-1521.923096,-162.56420900000057,127.94873000000007,-98.84619099999964,194.87158199999976,116.15380900000036,85.89746099999957,56.025878999999804,65.76904300000024,18.205077999999958,-201.02563499999997,151.9228520000006,-524.8718259999996,104.35888699999941
221,-1498.846191,-151.28198199999997,139.87158199999976,-94.35888699999987,194.48730499999965,124.48730499999965,97.43603499999972,65.51269500000035,75.0,34.74365200000011,-191.41015600000037,152.6923829999996,-503.46142599999985,106.53857400000015
222,-1490.769287,-158.33325200000036,141.6665039999998,-99.74365200000011,177.05126999999993,118.3334960000002,100.25634799999989,65.38476599999922,76.15380900000036,34.35888699999941,-190.89746100000002,146.2822270000006,-494.61547900000005,101.2822270000006
223,-1491.5385739999997,-175.0,138.46142599999985,-105.1281740000004,151.15380900000036,107.30761700000039,98.46142599999985,60.897460999999566,73.9741210000002,27.56396500000028,-193.71801800000003,142.3076170000004,-495.7692869999996,96.2822270000006
224,-1491.410156,-187.3076170000004,136.6665039999998,-101.66674799999964,130.76904300000024,103.0771479999994,98.46142599999985,59.23095699999976,74.35888699999941,26.922852000000603,-193.97436500000003,147.94873000000007,-499.61547900000005,97.82031300000017
225,-1485.897461,-187.6923829999996,137.17968800000017,-91.41015600000037,123.9741210000002,109.23095699999976,101.9228520000006,62.17968800000017,78.0771479999994,33.974121000000196,-190.38452099999995,160.89746099999957,-500.5129390000002,101.0258789999998
226,-1478.076904,-177.9487299999996,135.89746099999957,-85.51293900000019,128.20507799999996,118.84619099999964,104.35888699999941,65.64111300000059,80.12841800000024,39.74365200000011,-186.02563499999997,170.38476599999922,-497.6923829999996,98.7177729999994
227,-1472.5642090000001,-165.5129390000002,129.7436520000001,-92.82055700000001,133.58984400000008,120.25634799999989,101.15380900000036,64.74365200000011,77.05126999999993,35.64111300000059,-183.97436500000003,167.17968800000017,-492.3076170000004,94.35888699999941
228,-1468.4614260000003,-157.3076170000004,120.89746099999957,-108.33325200000036,131.41015599999992,108.9741210000002,92.43603499999972,59.23095699999976,70.64111300000059,23.461425999999847,-185.0,152.05126999999993,-484.61547900000005,95.12841800000024
229,-1460.769287,-155.76928699999962,115.12841800000024,-118.07690400000001,120.38476599999922,91.6665039999998,83.58984400000008,53.974121000000196,66.15380900000036,13.077147999999397,-187.0512700000004,135.76904300000024,-474.61547900000005,99.23095699999976
230,-1446.666748,-158.71801800000003,116.15380900000036,-113.33325200000036,105.38476599999922,80.76904300000024,79.48730499999965,53.20507799999996,66.15380900000036,12.17968800000017,-187.9487299999996,129.23095699999976,-463.20507799999996,99.87158199999976
231,-1430.897461,-163.97436500000003,121.41015599999992,-99.61547900000005,91.15380900000036,83.0771479999994,80.12841800000024,56.53857400000015,68.58984400000008,18.589844000000085,-187.3076170000004,135.51269500000035,-454.102539,97.56396500000028
232,-1420.384521,-169.35888699999987,125.76904300000024,-88.84619099999964,80.64111300000059,95.38476599999922,82.94873000000007,60.51269500000035,69.61523400000078,24.48730499999965,-184.7436520000001,149.23095699999976,-450.64111300000013,98.58984400000008
233,-1416.153809,-172.56420900000057,127.30761700000039,-86.15380900000036,75.89746099999957,109.61523400000078,86.15380900000036,63.589844000000085,69.35888699999941,25.641113000000587,-178.33325200000036,162.56396500000028,-450.64111300000013,102.94873000000007
234,-1412.05127,-171.79492200000004,129.10253900000043,-86.53857400000015,79.10253900000043,120.0,90.38476599999922,67.30761700000039,71.2822270000006,25.384765999999217,-167.43579099999943,170.89746099999957,-448.46142599999985,103.46142599999985
235,-1402.05127,-168.71801800000003,134.10253900000043,-83.20507799999996,87.17968800000017,124.61523400000078,95.64111300000059,72.69238299999961,77.43603499999972,29.358886999999413,-155.5129390000002,173.46142599999985,-441.02563499999997,99.10253900000043
236,-1388.4614260000003,-168.33325200000036,140.2563479999999,-76.41015600000037,91.41015599999992,122.94873000000007,99.23095699999976,77.17968800000017,84.10253900000043,37.05126999999993,-149.35888699999987,170.38476599999922,-432.4357909999994,97.56396500000028
237,-1379.743652,-173.46142599999985,142.17968800000017,-72.30761700000039,83.3334960000002,117.30761700000039,98.46142599999985,77.56396500000028,85.25634799999989,41.53857400000015,-153.20507799999996,162.6923829999996,-428.97436500000003,101.15380900000036
238,-1380.128174,-179.35888699999987,137.56396500000028,-77.17944299999999,64.10253900000043,111.53857400000015,94.61523400000078,73.7177729999994,78.84619099999964,37.82031300000017,-162.6923829999996,152.82031300000017,-432.179443,103.0771479999994
239,-1385.128174,-178.84619099999964,129.7436520000001,-91.28198199999997,43.46142599999985,110.12841800000024,91.9228520000006,69.74365200000011,70.25634799999989,29.74365200000011,-168.20507799999996,145.2563479999999,-436.53857400000015,99.61523400000078
240,-1384.4870609999998,-170.2563479999999,125.0,-107.82055700000001,31.922852000000603,114.35888699999941,93.58984400000008,69.35888699999941,67.56396500000028,26.538574000000153,-163.58984399999963,143.9741210000002,-434.35888699999987,96.9228520000006
241,-1372.5642090000001,-160.0,125.64111300000059,-116.79492200000004,32.82031300000017,120.38476599999922,98.20507799999996,72.56396500000028,73.3334960000002,33.589844000000085,-151.53857400000015,148.7177729999994,-423.58984399999963,99.74365200000011
242,-1353.076904,-155.64111300000013,128.84619099999964,-112.69238299999961,40.64111300000059,122.17968800000017,101.15380900000036,75.51269500000035,82.30761700000039,46.025878999999804,-141.79492200000004,155.0,-409.2307130000004,102.69238299999961
243,-1336.410156,-158.71801800000003,130.38476599999922,-98.46142599999985,45.76904300000024,116.0258789999998,98.46142599999985,75.0,86.0258789999998,54.61523400000078,-142.43579099999943,158.0771479999994,-399.7436520000001,99.87158199999976
244,-1331.153809,-165.1281740000004,128.3334960000002,-82.94872999999961,41.53857400000015,103.0771479999994,90.64111300000059,70.64111300000059,81.79492200000004,53.589844000000085,-153.71801800000003,156.2822270000006,-401.923096,95.64111300000059
245,-1336.666748,-169.23071300000038,123.9741210000002,-73.84619099999964,29.230956999999762,89.48730499999965,82.69238299999961,65.76904300000024,73.9741210000002,45.76904300000024,-168.58984399999963,152.3076170000004,-414.2307130000004,96.79492200000004
246,-1343.589844,-169.10253899999998,120.0,-72.43579099999943,16.666503999999804,82.82031300000017,78.84619099999964,64.35888699999941,69.48730499999965,38.333496000000196,-177.43579099999943,149.48730499999965,-426.15380900000036,101.15380900000036
247,-1341.666748,-167.3076170000004,118.20507799999996,-75.25634799999989,11.666503999999804,86.0258789999998,80.38476599999922,67.82031300000017,71.53857400000015,36.2822270000006,-175.2563479999999,150.12841800000024,-426.15380900000036,101.6665039999998
248,-1328.4614260000003,-168.58984399999963,117.94873000000007,-79.10253899999998,14.102539000000434,95.89746099999957,84.48730499999965,73.20507799999996,77.17968800000017,40.38476599999922,-163.58984399999963,153.84619099999964,-412.820557,99.35888699999941
249,-1311.410156,-175.1281740000004,117.05126999999993,-83.46142599999985,17.17968800000017,105.76904300000024,87.43603499999972,76.15380900000036,80.76904300000024,46.410155999999915,-148.46142599999985,158.20507799999996,-396.41015600000037,99.74365200000011
250,-1300.769287,-183.71801800000003,114.48730499999965,-89.35888699999987,14.615234000000783,109.87158199999976,87.69238299999961,75.12841800000024,79.10253900000043,48.46142599999985,-136.66674799999964,159.7436520000001,-389.7436520000001,102.05126999999993
251,-1300.897461,-187.9487299999996,111.53857400000015,-97.05127000000039,6.282227000000603,107.69238299999961,86.2822270000006,71.53857400000015,74.10253900000043,42.82031300000017,-133.71801800000003,156.79492200000004,-397.6923829999996,100.0
252,-1307.5642090000001,-184.61547900000005,110.0,-105.25634799999989,-1.9228520000006029,102.82031300000017,85.38476599999922,68.84619099999964,70.76904300000024,31.794922000000042,-141.79492200000004,149.61523400000078,-412.5642090000006,95.12841800000024
253,-1311.794922,-177.179443,111.2822270000006,-110.76928699999962,-2.8203119999998307,99.74365200000011,86.53857400000015,68.46142599999985,72.82031300000017,22.17968800000017,-157.56420900000057,141.41015599999992,-421.28198199999997,95.25634799999989
254,-1306.923096,-171.15380900000036,115.51269500000035,-110.64111300000013,5.897460999999566,100.76904300000024,89.23095699999976,70.64111300000059,78.9741210000002,20.25634799999989,-172.179443,137.17968800000017,-413.71801800000003,101.41015599999992
255,-1291.666748,-169.23071300000038,121.41015599999992,-102.94872999999961,20.0,104.74365200000011,92.94873000000007,74.61523400000078,85.0,26.666503999999804,-175.0,142.05126999999993,-390.2563479999999,105.38476599999922
256,-1270.6411129999997,-169.35888699999987,127.94873000000007,-89.48706099999981,30.384765999999217,108.0771479999994,97.30761700000039,80.0,88.0771479999994,38.46142599999985,-160.76928699999962,157.56396500000028,-360.2563479999999,103.3334960000002
257,-1250.6411129999997,-169.7436520000001,133.0771479999994,-76.53857400000015,29.102539000000434,107.82031300000017,101.6665039999998,86.0258789999998,88.7177729999994,51.666503999999804,-134.61547900000005,178.84619099999964,-334.4870609999998,101.2822270000006
258,-1237.3076170000004,-172.56420900000057,134.23095699999976,-72.05127000000039,13.205077999999958,103.84619099999964,103.7177729999994,90.12841800000024,88.9741210000002,61.9228520000006,-109.74365200000011,195.0,-319.2307130000004,103.0771479999994
259,-1232.05127,-183.33325200000036,128.58984400000008,-79.8718259999996,-13.974365000000034,98.0771479999994,100.0,88.7177729999994,88.7177729999994,64.35888699999941,-99.35888699999987,194.87158199999976,-313.71801800000003,103.7177729999994
260,-1232.179443,-203.46142599999985,116.2822270000006,-95.64111300000013,-42.82055700000001,93.7177729999994,90.12841800000024,80.38476599999922,87.05126999999993,58.20507799999996,-107.05127000000039,176.53857400000015,-311.66674799999964,99.35888699999941
261,-1231.025635,-225.2563479999999,104.10253900000043,-107.05127000000039,-59.48706099999981,94.10253900000043,80.0,69.61523400000078,85.51269500000035,51.53857400000015,-123.07690400000001,151.2822270000006,-304.102539,95.89746099999957
262,-1221.923096,-235.38452099999995,101.79492200000004,-103.20507799999996,-52.69238299999961,101.53857400000015,79.23095699999976,66.53857400000015,89.10253900000043,57.17968800000017,-130.38452099999995,137.82031300000017,-284.4870609999998,98.9741210000002
263,-1202.4357909999999,-226.41015600000037,114.74365200000011,-84.10253899999998,-23.974365000000034,115.64111300000059,92.82031300000017,78.3334960000002,101.79492200000004,80.89746099999957,-116.79492200000004,148.46142599999985,-253.84619099999964,103.46142599999985
264,-1177.6923829999996,-204.8718259999996,137.56396500000028,-62.17944299999999,10.0,131.79492200000004,115.64111300000059,102.56396500000028,121.15380900000036,114.23095699999976,-85.25634799999989,179.3588869999994,-222.43579099999943,101.79492200000004
265,-1158.846191,-187.6923829999996,157.05126999999993,-53.71801800000003,26.922852000000603,142.3076170000004,135.51269500000035,126.0258789999998,137.94873000000007,139.61523400000078,-52.435790999999426,212.05126999999993,-203.84619099999964,96.53857400000015
266,-1154.871826,-187.9487299999996,160.2563479999999,-66.02563499999997,14.230956999999762,141.0258789999998,140.76904300000024,134.3588869999994,142.94873000000007,142.94873000000007,-37.17944299999999,226.79492200000004,-205.64111300000013,95.51269500000035
267,-1165.384521,-205.64111300000013,144.48730499999965,-91.53857400000015,-21.794922000000042,127.82031300000017,128.7177729999994,123.20507799999996,133.0771479999994,123.20507799999996,-47.30761700000039,215.51269500000035,-225.2563479999999,98.0771479999994
268,-1180.0,-228.58984399999963,119.35888699999941,-113.33325200000036,-62.051270000000386,109.61523400000078,107.56396500000028,100.51269500000035,114.23095699999976,92.82031300000017,-75.38452099999995,186.79492200000004,-251.15380900000036,97.43603499999972
269,-1185.769287,-242.9487299999996,100.25634799999989,-117.69238299999961,-88.20507799999996,96.41015599999992,90.64111300000059,81.53857400000015,97.43603499999972,69.10253900000043,-103.84619099999964,158.9741210000002,-269.7436520000001,94.10253900000043
270,-1175.5129390000002,-241.41015600000037,98.20507799999996,-103.46142599999985,-93.97436500000003,94.74365200000011,87.05126999999993,76.9228520000006,91.41015599999992,63.333496000000196,-116.41015600000037,147.82031300000017,-272.3076170000004,95.12841800000024
271,-1152.05127,-226.15380900000036,112.05126999999993,-82.17944299999999,-86.92309599999999,103.84619099999964,95.38476599999922,86.41015599999992,96.9228520000006,73.20507799999996,-107.56420900000057,156.79492200000004,-258.97436500000003,100.38476599999922
272,-1126.794922,-207.3076170000004,130.38476599999922,-67.94872999999961,-80.76928699999962,115.76904300000024,106.15380900000036,100.25634799999989,106.9228520000006,86.53857400000015,-86.66674799999964,176.15380900000036,-239.23071300000038,102.05126999999993
273,-1112.179443,-196.02563499999997,139.48730499999965,-67.43579099999943,-85.25634799999989,121.0258789999998,109.48730499999965,106.9228520000006,112.17968800000017,91.0258789999998,-70.64111300000013,189.7436520000001,-225.2563479999999,98.3334960000002
274,-1113.076904,-197.179443,133.58984400000008,-76.41015600000037,-100.89746100000002,114.23095699999976,102.56396500000028,101.79492200000004,108.3334960000002,83.20507799999996,-71.28198199999997,188.46142599999985,-224.10253899999998,96.6665039999998
275,-1123.333252,-206.28198199999997,118.3334960000002,-85.76928699999962,-118.84619099999964,99.10253900000043,90.38476599999922,89.35888699999941,99.35888699999941,70.38476599999922,-86.02563499999997,175.2563479999999,-232.6923829999996,100.51269500000035
276,-1130.769287,-212.6923829999996,106.2822270000006,-89.35888699999987,-128.71801800000003,85.89746099999957,82.05126999999993,79.74365200000011,93.0771479999994,63.7177729999994,-100.51293900000019,162.17968800000017,-241.53857400000015,103.0771479999994
277,-1128.333252,-209.23071300000038,106.53857400000015,-88.20507799999996,-125.76928699999962,83.3334960000002,83.3334960000002,79.74365200000011,95.12841800000024,70.0,-101.92309599999999,158.7177729999994,-243.33325200000036,100.12841800000024
278,-1117.3076170000004,-196.53857400000015,118.3334960000002,-87.43579099999943,-113.97436500000003,92.17968800000017,92.82031300000017,87.94873000000007,104.10253900000043,86.0258789999998,-89.8718259999996,164.48730499999965,-237.56420900000057,97.17968800000017
279,-1104.102539,-181.28198199999997,131.41015599999992,-89.23071300000038,-101.28198199999997,106.2822270000006,104.48730499999965,97.30761700000039,113.58984400000008,102.56396500000028,-75.51293900000019,171.53857400000015,-229.23071300000038,100.0
280,-1092.5642090000001,-170.38452099999995,136.41015599999992,-90.25634799999989,-94.61547900000005,117.82031300000017,112.43603499999972,101.79492200000004,117.69238299999961,111.0258789999998,-69.8718259999996,173.58984400000008,-222.0512700000004,103.9741210000002
281,-1082.05127,-168.71801800000003,131.53857400000015,-85.38452099999995,-96.92309599999999,122.17968800000017,115.0,100.64111300000059,114.87158199999976,109.10253900000043,-74.48706099999981,170.6411130000006,-217.179443,102.56396500000028
282,-1072.3076170000004,-178.20507799999996,122.05126999999993,-74.74365200000011,-109.48706099999981,118.84619099999964,113.0771479999994,95.89746099999957,107.56396500000028,99.74365200000011,-82.17944299999999,166.2822270000006,-215.64111300000013,98.7177729999994
283,-1064.102539,-196.15380900000036,114.23095699999976,-64.8718259999996,-129.7436520000001,110.12841800000024,108.3334960000002,90.64111300000059,98.9741210000002,87.69238299999961,-85.0,162.3076170000004,-218.33325200000036,99.35888699999941
284,-1058.589844,-213.58984399999963,111.79492200000004,-62.564209000000574,-150.2563479999999,100.51269500000035,103.0771479999994,87.43603499999972,92.43603499999972,76.79492200000004,-80.1281740000004,158.84619099999964,-223.46142599999985,102.82031300000017
285,-1055.0,-219.7436520000001,114.10253900000043,-69.61547900000005,-161.53857400000015,94.61523400000078,99.87158199999976,87.94873000000007,90.38476599999922,69.87158199999976,-71.15380900000036,156.15380900000036,-225.89746100000002,102.17968800000017
286,-1052.4357909999999,-211.28198199999997,117.56396500000028,-81.15380900000036,-160.38452099999995,94.35888699999941,99.61523400000078,91.41015599999992,93.0771479999994,68.3334960000002,-64.35888699999987,155.51269500000035,-223.58984399999963,98.58984400000008
287,-1050.5129390000002,-195.76928699999962,117.94873000000007,-89.74365200000011,-152.179443,97.43603499999972,100.76904300000024,94.48730499999965,97.94873000000007,71.15380900000036,-63.974365000000034,157.17968800000017,-219.61547900000005,98.46142599999985
288,-1047.5642090000001,-184.4870609999998,113.46142599999985,-89.8718259999996,-145.76928699999962,101.15380900000036,101.0258789999998,94.23095699999976,102.05126999999993,75.89746099999957,-69.35888699999987,160.6411130000006,-218.71801800000003,101.6665039999998
289,-1041.666748,-183.20507799999996,107.17968800000017,-82.05127000000039,-146.02563499999997,103.7177729999994,100.38476599999922,91.9228520000006,103.84619099999964,80.64111300000059,-75.76928699999962,164.10253900000043,-221.41015600000037,100.64111300000059
290,-1032.05127,-188.46142599999985,104.10253900000043,-72.17944299999999,-152.179443,104.35888699999941,100.89746099999957,90.76904300000024,103.7177729999994,84.61523400000078,-78.97436500000003,166.79492200000004,-223.58984399999963,94.87158199999976
291,-1021.1538089999999,-192.43579099999943,106.6665039999998,-66.66674799999964,-160.1281740000004,103.7177729999994,104.35888699999941,93.58984400000008,103.7177729999994,88.0771479999994,-78.46142599999985,168.7177729999994,-220.89746100000002,92.17968800000017
292,-1012.3076170000004,-190.64111300000013,112.56396500000028,-67.69238299999961,-166.02563499999997,102.69238299999961,109.35888699999941,98.9741210000002,104.74365200000011,89.74365200000011,-76.92309599999999,170.38476599999922,-212.6923829999996,96.0258789999998
293,-1007.820557,-184.7436520000001,117.30761700000039,-73.33325200000036,-167.56420900000057,102.30761700000039,112.30761700000039,103.46142599999985,106.0258789999998,86.9228520000006,-76.28198199999997,172.17968800000017,-202.0512700000004,99.35888699999941
294,-1007.179443,-180.1281740000004,117.69238299999961,-80.25634799999989,-165.89746100000002,101.15380900000036,109.48730499999965,103.20507799999996,105.51269500000035,78.46142599999985,-75.89746100000002,172.56396500000028,-193.58984399999963,97.30761700000039
295,-1008.5898440000001,-180.64111300000013,112.69238299999961,-85.89746100000002,-163.84619099999964,97.30761700000039,100.89746099999957,97.30761700000039,102.30761700000039,66.79492200000004,-73.97436500000003,168.84619099999964,-190.89746100000002,95.25634799999989
296,-1009.3588870000003,-185.1281740000004,104.87158199999976,-88.07690400000001,-163.84619099999964,90.51269500000035,90.38476599999922,88.20507799999996,97.43603499999972,57.43603499999972,-71.41015600000037,159.87158199999976,-193.46142599999985,97.94873000000007
297,-1005.5129390000002,-188.33325200000036,98.3334960000002,-83.97436500000003,-164.23071300000038,84.74365200000011,84.35888699999941,81.41015599999992,93.46142599999985,56.025878999999804,-70.38452099999995,149.3588869999994,-197.0512700000004,101.0258789999998
298,-994.2307129999999,-185.0,97.69238299999961,-72.82055700000001,-160.89746100000002,85.76904300000024,87.43603499999972,81.6665039999998,93.9741210000002,65.76904300000024,-71.66674799999964,143.9741210000002,-196.41015600000037,99.10253900000043
299,-975.5129390000002,-174.8718259999996,104.87158199999976,-57.435790999999426,-152.3076170000004,95.51269500000035,99.35888699999941,90.25634799999989,100.89746099999957,85.0,-72.17944299999999,149.10253900000043,-189.8718259999996,96.41015599999992
300,-953.8461910000001,-163.71801800000003,117.17968800000017,-44.35888699999987,-142.56420900000057,110.25634799999989,114.87158199999976,103.46142599999985,112.17968800000017,106.2822270000006,-66.66674799999964,162.43603499999972,-180.5129390000002,98.9741210000002
301,-936.4101559999999,-158.97436500000003,127.69238299999961,-39.10253899999998,-139.4870609999998,122.56396500000028,126.0258789999998,114.74365200000011,122.56396500000028,120.12841800000024,-53.58984399999963,174.87158199999976,-172.820557,103.3334960000002
302,-928.205078,-163.58984399999963,130.6411130000006,-43.20507799999996,-148.20507799999996,126.0258789999998,127.82031300000017,118.84619099999964,126.9228520000006,120.38476599999922,-38.46142599999985,176.6665039999998,-169.7436520000001,102.69238299999961
303,-929.4870609999998,-173.076904,124.35888699999941,-53.58984399999963,-166.66674799999964,118.9741210000002,121.41015599999992,114.61523400000078,123.84619099999964,109.35888699999941,-31.025634999999966,166.0258789999998,-170.64111300000013,99.10253900000043
304,-935.6411129999997,-179.4870609999998,112.17968800000017,-64.48706099999981,-187.3076170000004,105.89746099999957,111.9228520000006,105.12841800000024,116.15380900000036,95.25634799999989,-37.948729999999614,150.12841800000024,-172.6923829999996,99.35888699999941
305,-941.025635,-178.46142599999985,99.61523400000078,-70.76928699999962,-202.0512700000004,93.84619099999964,103.84619099999964,94.48730499999965,107.30761700000039,84.61523400000078,-56.153809000000365,138.9741210000002,-173.58984399999963,102.56396500000028
306,-941.794922,-172.9487299999996,91.2822270000006,-70.89746100000002,-207.179443,88.20507799999996,97.94873000000007,86.53857400000015,99.35888699999941,79.35888699999941,-75.64111300000013,137.05126999999993,-173.076904,101.2822270000006
307,-936.794922,-169.61547900000005,88.9741210000002,-66.15380900000036,-205.0,89.61523400000078,94.10253900000043,83.3334960000002,94.10253900000043,78.20507799999996,-85.0,142.05126999999993,-171.923096,96.0258789999998
308,-927.179443,-172.0512700000004,92.94873000000007,-60.25634799999989,-200.89746100000002,95.0,93.84619099999964,86.0258789999998,93.46142599999985,80.89746099999957,-79.8718259999996,148.7177729999994,-170.38452099999995,94.61523400000078
309,-915.2563479999999,-177.179443,100.89746099999957,-56.66674799999964,-199.61547900000005,101.15380900000036,98.0771479999994,93.3334960000002,98.9741210000002,86.6665039999998,-64.48706099999981,154.3588869999994,-167.820557,98.9741210000002
310,-903.8461910000001,-179.4870609999998,108.46142599999985,-56.92309599999999,-202.3076170000004,105.51269500000035,105.12841800000024,102.30761700000039,108.9741210000002,93.58984400000008,-48.846190999999635,158.46142599999985,-163.84619099999964,101.41015599999992
311,-894.871826,-175.38452099999995,111.9228520000006,-59.48706099999981,-206.79492200000004,106.79492200000004,111.0258789999998,108.58984400000008,119.61523400000078,100.51269500000035,-40.89746100000002,161.15380900000036,-158.84619099999964,98.3334960000002
312,-887.6923829999996,-165.76928699999962,110.64111300000059,-60.38452099999995,-208.20507799999996,106.15380900000036,112.82031300000017,110.12841800000024,127.56396500000028,108.20507799999996,-40.51293900000019,161.6665039999998,-153.33325200000036,95.76904300000024
313,-880.0,-153.97436500000003,107.82031300000017,-56.153809000000365,-202.9487299999996,106.41015599999992,110.76904300000024,108.58984400000008,131.15380900000036,117.05126999999993,-41.153809000000365,160.2563479999999,-146.79492200000004,98.0771479999994
314,-870.2563479999999,-144.35888699999987,107.17968800000017,-46.41015600000037,-192.179443,109.61523400000078,108.20507799999996,107.05126999999993,130.38476599999922,123.20507799999996,-36.92309599999999,157.82031300000017,-139.35888699999987,99.74365200000011
315,-859.3588870000003,-140.1281740000004,110.12841800000024,-34.74365200000011,-181.79492200000004,115.12841800000024,107.69238299999961,107.17968800000017,126.15380900000036,120.76904300000024,-28.71801800000003,155.6411130000006,-132.6923829999996,96.0258789999998
316,-850.2563479999999,-142.3076170000004,114.10253900000043,-26.41015600000037,-177.6923829999996,118.58984400000008,110.0,108.3334960000002,120.25634799999989,108.3334960000002,-23.58984399999963,155.12841800000024,-129.23071300000038,92.69238299999961
317,-843.974365,-147.56420900000057,115.64111300000059,-25.769286999999622,-180.2563479999999,117.30761700000039,113.7177729999994,109.48730499999965,115.89746099999957,93.7177729999994,-26.153809000000365,156.79492200000004,-129.23071300000038,95.76904300000024
318,-838.5898440000001,-149.35888699999987,113.46142599999985,-32.948729999999614,-183.97436500000003,112.69238299999961,116.79492200000004,111.0258789999998,115.76904300000024,87.94873000000007,-33.20507799999996,160.12841800000024,-129.4870609999998,101.0258789999998
319,-830.897461,-143.46142599999985,110.25634799999989,-43.07690400000001,-183.84619099999964,108.9741210000002,118.0771479999994,113.46142599999985,120.38476599999922,96.6665039999998,-37.564209000000574,163.20507799999996,-126.41015600000037,100.89746099999957
